Epsilon: 0.01, Iterations 400, Offset: 0.12158105075330818, Offset with Refinement: 0.127340934131563, Std: 0.08156537981988407, Std with Refinement: 0.33587212771249403, Average Object Size 5919.631712410501, Inlier Count: 1198.8139667859984, Inlier Ratio: 0.20251495786007875, FPS: 50.51706093580166, FPS with Refinement: 36.68961825413977
Epsilon: 0.02, Iterations 400, Offset: 0.1060688905535231, Offset with Refinement: 0.11552436647830086, Std: 0.07090978179298293, Std with Refinement: 0.4670567726137386, Average Object Size 5919.631712410501, Inlier Count: 2366.478810328825, Inlier Ratio: 0.39976791214350466, FPS: 51.71718625366859, FPS with Refinement: 21.905009410215097
Epsilon: 0.03, Iterations 400, Offset: 0.09582590865785376, Offset with Refinement: 0.10741389422172115, Std: 0.06593577425550327, Std with Refinement: 0.8424875800998902, Average Object Size 5919.631712410501, Inlier Count: 3504.755643396977, Inlier Ratio: 0.5920563666231569, FPS: 51.702334485323284, FPS with Refinement: 13.52013120235217
