Epsilon: 0.04, Iterations 400, Offset: 0.09640538056875575, Offset with Refinement: 0.07821625379223274, Std: 0.06737644033698174, Std with Refinement: 0.05001537240709017, Inlier: 306.83379740121984, FPS: 125.27779051384034, FPS with Refinement: 107.06188412299439
Epsilon: 0.05, Iterations 400, Offset: 0.10028962565144918, Offset with Refinement: 0.05649574271299357, Std: 0.06903614653866723, Std with Refinement: 0.03767617169782094, Inlier: 359.4572726067356, FPS: 125.8283274828059, FPS with Refinement: 102.92125918608677
Epsilon: 0.06, Iterations 400, Offset: 0.09498693669697654, Offset with Refinement: 0.035860882382864986, Std: 0.06603249582158441, Std with Refinement: 0.025632180266957367, Inlier: 386.87458565367274, FPS: 126.74879839502074, FPS with Refinement: 98.9781882838052
Epsilon: 0.07, Iterations 400, Offset: 0.08664337308623031, Offset with Refinement: 0.027922656766968684, Std: 0.06076016449571422, Std with Refinement: 0.018905329300579067, Inlier: 396.72476630867146, FPS: 126.46382316027965, FPS with Refinement: 98.29852670188514
