Epsilon: 0.15, Iterations 200, Offset: 0.16415817186267173, Offset with Refinement: 0.025169387436389246, Std: 0.09161891008451918, Std with Refinement: 0.015957302425258352, Inlier: 0.09767849487962521, FPS: 165.78572322250503, FPS with Refinement: 129.29558448846117
Epsilon: 0.16, Iterations 200, Offset: 0.17492136234265682, Offset with Refinement: 0.025290225041231122, Std: 0.09792856732275407, Std with Refinement: 0.01611419723932203, Inlier: 0.09767849487962521, FPS: 149.52761973967836, FPS with Refinement: 117.26323369160987
Epsilon: 0.17, Iterations 200, Offset: 0.1852863442706827, Offset with Refinement: 0.02526953164033404, Std: 0.10414862189182665, Std with Refinement: 0.016128851278148098, Inlier: 0.09767849487962521, FPS: 179.37646197273804, FPS with Refinement: 139.2923394612517
