scene_id,im_id,obj_id,score,R,t,time
2,0,1,1,-0.7978424798139102 -0.602292151588588 -0.026297177399476734 -0.38031667587158796 0.5366833705975532 -0.7532132405753598 0.4677676810750992 -0.590944264595942 -0.657250540268158,181.2574416200775 -123.09320455337658 1154.1108296405362,36.42689752578735
2,0,5,1,-0.8941846056521583 -0.44574350031167875 -0.04179261830259137 -0.2932058827562669 0.6536051636426021 -0.6977324704905491 0.3383255848022906 -0.6116477924341909 -0.715138291995729,130.1662091369442 -14.240841178202444 980.6646019079632,36.42689752578735
2,0,6,1,0.4361344728621074 -0.8804412999904746 -0.18603719749656078 -0.8021274656599401 -0.28665071749754695 -0.5238538870640387 0.40789490118810356 0.37769628463783467 -0.8312444081950401,175.68942507971792 -289.3879372239081 1319.086723865633,36.42689752578735
2,0,9,1,-0.9298694825637341 -0.36638253728417897 -0.03326532383520002 -0.24472978102457482 0.6835524364443 -0.6876506387045134 0.27468177893030543 -0.6312843281788869 -0.7252792685024262,48.83615397153878 63.59827531088068 973.1467849142962,36.42689752578735
2,0,8,1,-0.6358588401462246 0.6325542855962581 -0.4422200935978655 -0.1605526995706109 0.4520263997850214 0.8774365872004545 0.7549214303942409 0.6289254404706485 -0.18586668410533896,-26.981623468520844 -402.828938386267 1013.1368011175675,36.42689752578735
2,0,10,1,0.16212429504257636 -0.9861694057954101 0.03443277552092461 -0.7112739263069084 -0.1409761059692744 -0.6886328044042729 0.683962802141243 0.0871529725188227 -0.7242922370619687,411.013274800029 -134.9472640824788 1175.0127021097721,36.42689752578735
2,0,11,1,-0.0950174764093782 -0.9953671025975532 0.014697286938239018 -0.6765957770026898 0.05374386171814981 -0.7343907351469967 0.7301984892609127 -0.07972407662790498 -0.6785677842978609,19.827397618925595 -168.0873195990567 1174.2338452205602,36.42689752578735
2,0,12,1,-0.5832438209260804 0.8122471264414185 -0.00901393028624986 0.6028532973650457 0.42539538624483947 -0.6749864200246524 -0.5444212956963007 -0.3991157362836787 -0.7377750889282579,-73.1552117150925 31.335095114590928 999.2211283235193,36.42689752578735
2,1,1,1,-0.8249917064083968 -0.5649575650657914 0.014547646967589423 -0.40427449152426664 0.5719721909853014 -0.713729604431727 0.3949060899253862 -0.5947022468550172 -0.7002702462088739,131.88381102882016 -71.71913246081337 1152.612826549519,27.3091721534729
2,1,5,1,-0.9132112620858462 -0.4074779687587776 0.002625980920887311 -0.30949574828496784 0.6893996147619909 -0.6549355334378695 0.2650614505979775 -0.5989072350057556 -0.7556801911289304,91.53132591962529 47.17343214866169 982.9694697212609,27.3091721534729
2,1,6,1,0.41185754959795035 -0.9011929129159773 -0.1349988612884856 -0.825888308925538 -0.3065545597678618 -0.47321538760446874 0.38507383710048004 0.30639131122724145 -0.870541500667926,116.27823378047948 -247.48210283361396 1307.05243502595,27.3091721534729
2,1,9,1,-0.9442398370447498 -0.3289846470968749 0.013425055390908117 -0.25970584358404314 0.7190955072013339 -0.6445576206446999 0.20239566434586692 -0.6121035480189614 -0.7644378598398919,10.618062933976326 125.46543132091573 975.0075137579347,27.3091721534729
2,1,8,1,-0.21659519445225567 0.6236653913483903 -0.7510845500837098 -0.7305910387109498 0.4067581721750283 0.5484382586254223 0.647551739937007 0.6675247328774337 0.36754248067599704,161.35595066731585 -176.4165022947425 1018.4406560272214,27.3091721534729
2,1,10,1,0.12150856032072817 -0.9893960918314967 0.07956785303968011 -0.7500612125179339 -0.14402679724732287 -0.6454955144312042 0.6501106423101459 0.018752470323632253 -0.7596081210807653,360.07858022484373 -85.48851889851791 1186.6439164433295,27.3091721534729
2,1,11,1,-0.13894813835675246 -0.9886328726418838 0.05743220332748172 -0.7172718662062523 0.06048378570080522 -0.6941633681031426 0.6827990076121908 -0.13764721137442448 -0.7175226549765878,-30.634864631019425 -117.23322768915635 1159.9806370516894,27.3091721534729
2,1,12,1,-0.5636114737011609 0.8256355833559388 0.02584550655150697 0.6338708891444529 0.45234434169077054 -0.627369342919754 -0.5296695220678891 -0.33720984569973916 -0.7782928223718447,-112.612291497545 94.09313296592 991.0587432384885,27.3091721534729
2,2,1,1,-0.8333087436851465 -0.5527739538131557 0.006123208607753949 -0.42161052123567166 0.6283372431626131 -0.6537865685666789 0.3575487464406332 -0.547387673263272 -0.7566542335030931,138.94191379631206 -81.02852953870268 1151.7510891387526,27.574193477630615
2,2,5,1,-0.9193653104165511 -0.3933782606019918 -0.00457931091208072 -0.31500438511590595 0.7430708213421748 -0.590438812941371 0.2356685455474024 -0.5413864595237091 -0.8070694134236254,101.32397525523064 52.08548558386231 992.3512761471649,27.574193477630615
2,2,6,1,-0.9601760191331468 -0.25049564385817485 0.12374952399787645 0.2590740029756861 -0.6324120931444778 0.7300243868712705 -0.1046072333243584 0.7330121942046385 0.6721238352294348,-101.0398594599528 -237.3177246313149 1182.6863817671217,27.574193477630615
2,2,9,1,-0.9496150349371555 -0.3133853937957208 0.004569505094133938 -0.2585626715456058 0.7750857119102792 -0.576530557798747 0.17713449778206247 -0.5486635892311755 -0.8170628100381634,21.843020892006635 132.514739600629 990.6714259757123,27.574193477630615
2,2,8,1,0.35703319094833114 -0.7756060074817144 0.5205407013092518 0.23503569195140206 -0.4647458143861458 -0.8536800053412777 0.9040384527608205 0.4271377402768727 0.01636541355996258,408.8126896107351 119.6256754479058 1034.316920338042,27.574193477630615
2,2,10,1,0.10584685142436928 -0.9918054085240416 0.07154352287947963 -0.8032168717045086 -0.1276912267292204 -0.5818398470589737 0.5862073874089021 0.004120951206453394 -0.810150551878096,366.6996356723836 -101.50718568089191 1185.328621661014,27.574193477630615
2,2,11,1,-0.15425680693584545 -0.9868084251319685 0.04913216464314407 -0.7695389748934601 0.08880721198729516 -0.6323946910110536 0.6196891185375775 -0.13536030137232755 -0.7730866608463198,-24.28854437683424 -124.46474933371458 1154.8852544981412,27.574193477630615
2,2,12,1,-0.5503458432257882 0.8347494527292711 0.017686266205117596 0.6862881118024438 0.4643274637822786 -0.5598291114046796 -0.47552926349777097 -0.29596175013960657 -0.8284193153298446,-102.25295799686708 101.2546495758954 1003.6379020585429,27.574193477630615
2,3,1,1,-0.8753474335825417 -0.47860750895207155 -0.06856911035699723 -0.3745905116781519 0.7609934469344508 -0.5296894583466081 0.30569399582124235 -0.43797696982548684 -0.845415492418566,159.8556893764396 -107.29691833392837 1121.6504039265935,35.22680187225342
2,3,5,1,-0.9488959539505157 -0.3072474239013923 -0.07207974113645815 -0.24199858839602845 0.8549963362519116 -0.4587133617087448 0.20256641328381736 -0.41782805734149336 -0.8856560069844067,137.40089473359188 51.539881456956394 984.503069971943,35.22680187225342
2,3,6,1,0.2953876579876314 -0.9378674374401303 -0.18207361505189243 -0.9380917091834235 -0.24863865258996487 -0.2411695785118211 0.18091455626871158 0.24204026571570555 -0.9532504566494396,119.44320857741974 -310.0874576679012 1231.8905658668532,35.22680187225342
2,3,9,1,0.17562844308227324 -0.16938360657055584 0.9697751511590964 -0.7789541788721609 0.5784593686882954 0.24210565047998467 -0.6019842499584973 -0.7979310450169802 -0.03034814986149248,25.55615859026394 250.92476672478193 851.9437757282963,35.22680187225342
2,3,8,1,-0.5580902770877321 -0.4159172599826555 -0.7180167654509597 -0.8231739755798224 0.38648131313515277 0.41595288257858953 0.1044980791605678 0.8231919748429574 -0.558063727549017,225.09881030482234 -230.19904663893533 869.5847044784917,35.22680187225342
2,3,10,1,0.014617667278145206 -0.9998693474794675 0.006900128573376602 -0.8886216982733957 -0.016154404449164574 -0.45835631617181705 0.45840789823153283 0.0005684961534572763 -0.8887417373180309,383.8988130217412 -157.8348064658313 1147.7010114114717,35.22680187225342
2,3,11,1,-0.022426021413915673 -0.9322275132419823 0.3611771547567929 -0.9969718137557967 -0.006053411422440622 -0.07752779363962159 0.07445989618593143 -0.3618220830253737 -0.9292688007757282,44.1581651744446 -86.27927963260711 1135.9994930786256,35.22680187225342
2,3,12,1,-0.4695874800989157 0.8816845599168941 -0.046042755548548836 0.8066482719520458 0.407255287387485 -0.4283242886548878 -0.3588957563013655 -0.23827603257375674 -0.9024513108250113,-58.91409219781245 119.81711591166881 1006.9499669613954,35.22680187225342
2,4,1,1,-0.8836640109555534 -0.4676419779526092 0.021187170611358025 -0.4023678767080998 0.7356323251348814 -0.5449267602256869 0.23924466041138473 -0.49005720347039 -0.8382159207456165,56.427338216561935 -46.23951674748561 1087.8084630561173,41.44329619407654
2,4,5,1,-0.9531106714285954 -0.30205721648023404 0.018479339304883442 -0.27424141029807275 0.8362954499600115 -0.4747647514863606 0.12795193193795895 -0.45757115113214325 -0.8799187148623155,39.74808006769992 109.49889474487316 946.3516084860352,41.44329619407654
2,4,6,1,0.9754885805816431 0.20148259466106977 0.08846916526934297 -0.20428085280863995 0.6797180243456155 0.7044520853510678 0.08180074773855096 -0.7052575213553816 0.704216207028124,174.35667805132584 -452.15158920880253 1307.5918610579279,41.44329619407654
2,4,9,1,-0.9754488131705973 -0.21817460114953538 0.029990936919576116 -0.20697834343959134 0.8617084470001516 -0.4632693792121269 0.0752301683573512 -0.45810304057256385 -0.8857098994519009,-33.88695315893895 194.84941236205836 950.4548986114137,41.44329619407654
2,4,8,1,-0.7270109148878563 0.15714092467808466 0.6684024681471772 -0.6687895561866568 -0.38249950545865985 -0.6375065943655288 0.15548523778666717 -0.9104948424429414 0.38317552468187,-63.056644810261005 -98.20560460739853 839.8189092671909,41.44329619407654
2,4,10,1,0.009106749175880002 -0.9954483977956312 0.09486598149788875 -0.8799114852893009 -0.053047178680289186 -0.472167104836876 0.47505036067286976 -0.07917375929038378 -0.8763895655839384,279.2753902838428 -87.81582197587056 1133.3537809752104,41.44329619407654
2,4,11,1,-0.25268346416157444 -0.9652168303553075 0.06713819582145422 -0.8321978841616733 0.1814150288093343 -0.5239611330231877 0.493556226316861 -0.18826857868736896 -0.849091981909438,-108.65223525905003 -76.7753674980393 1073.9789447831736,41.44329619407654
2,4,12,1,-0.46710999554896115 0.8830401588787942 0.0452584783832157 0.7822230569808137 0.436559640277028 -0.44445783783029746 -0.4122321447750533 -0.17220847333539205 -0.8946557441416522,-159.76607592857738 171.3479040368323 952.1225190561368,41.44329619407654
2,5,1,1,-0.8297334966923325 -0.5563381623949184 0.04505744699558817 -0.5158864088082622 0.7335718500658804 -0.442417849999111 0.21308105892741708 -0.3903334341994889 -0.8956764329111288,52.37178702592503 -90.29176738754964 1038.5001450740574,63.92208480834961
2,5,5,1,-0.9156398235280993 -0.4005731399162241 0.033835974156045286 -0.3839700252488022 0.8465457539372984 -0.3686832057487368 0.1190408891090185 -0.3505730253005618 -0.9289390833912341,15.076840541672581 77.75256356457758 916.381992828351,63.92208480834961
2,5,6,1,0.1643474951758479 0.6547522913289663 0.7377596748460129 0.44237172754597454 0.6195743287477449 -0.648409520152792 -0.8816445743594284 0.43292850236067143 -0.18781841322493062,266.4442835284473 -1830.6561336388752 2101.63399117777,63.92208480834961
2,5,9,1,-0.9460704107183473 -0.32102892067747524 0.04348804493045415 -0.3146445668386082 0.8785851319381637 -0.3592867413308546 0.07713348509021563 -0.35359383199633887 -0.9322134023130019,-66.49371851294353 153.7103572348444 932.1395684010913,63.92208480834961
2,5,8,1,-0.8891042644942573 -0.2731153034194182 0.36728958315781957 -0.42096696773186265 0.17295300617646575 -0.8904347644455287 0.17966752332229285 -0.9463061284239062 -0.26874577647023745,-62.570508687719936 97.07382774805414 943.9273303932885,63.92208480834961
2,5,10,1,-0.2865789862427799 0.5430695341846407 0.7892705275661434 -0.3148751977066999 0.7246700703942548 -0.6129493445171081 -0.9048348437771545 -0.42418011518135 -0.036676087189195294,279.16553241379444 -251.46479194961728 927.1832895157111,63.92208480834961
2,5,11,1,-0.1519244805027853 -0.9845032068922703 0.08759216770233905 -0.9035461471694488 0.10241320844931967 -0.41607198255874095 0.40065360619767776 -0.14235508545166925 -0.9051031529537639,-109.32678694941742 -136.7376512142603 1025.5627759014017,63.92208480834961
2,5,12,1,-0.4924560099171986 0.8646253175662433 0.09954967865294717 0.7878553920974405 0.491463054171282 -0.3711441061469571 -0.36982557975269936 -0.10434139450912377 -0.9232236532674362,-189.09143411874823 118.6652916718175 931.695294349229,63.92208480834961
2,6,1,1,-0.8237059678120761 -0.562407574311417 0.0721539946774911 -0.5273901223172064 0.7131751628440722 -0.4617800840059838 0.20825018000715761 -0.41842431509112765 -0.8840548371382329,25.27927638295265 -56.48556339628478 1081.294481664564,50.055981159210205
2,6,5,1,-0.9102177120507724 -0.4097340552815476 0.06018073289346269 -0.39940361933153745 0.8301240407754331 -0.38906403816278706 0.10945531295430529 -0.37816938118944005 -0.9192428697557955,-12.76816197945326 107.94385738012195 954.5743488958127,50.055981159210205
2,6,6,1,-0.07253205636893606 0.8324392381196342 0.5493487195194897 0.6125145075236944 0.47187106271041196 -0.6341637629584006 -0.7871245637584305 0.2904868585932203 -0.5441068884996243,-617.681187587703 2546.3061034396114 182.10526263765448,50.055981159210205
2,6,9,1,-0.9412620861023842 -0.33066875518486727 0.06843872887976535 -0.3312563944056306 0.8648670403222753 -0.37719252872978387 0.06553538305044865 -0.3777077930208454 -0.923602694160077,-96.23172567094355 183.00372735281508 966.8775183153477,50.055981159210205
2,6,8,1,-0.33169043842205487 -0.9393626719768946 0.08705873624062607 -0.8760746354189284 0.272475158547243 -0.397807140647635 0.3499638356101634 -0.2082187755008771 -0.9133292151759619,-31.715314062068252 -54.23758141125724 984.7224231515037,50.055981159210205
2,6,10,1,0.12453604531715812 -0.9826578695928708 0.13738371353244092 -0.9108845448575337 -0.16812788074460566 -0.3768585432970998 0.3934210458992339 -0.07820822874562941 -0.9160258476702634,252.25001240336948 -74.36039746217264 1120.9724726726868,50.055981159210205
2,6,11,1,-0.13778853880725528 -0.9838766830220113 0.11402188903436913 -0.8963946682864311 0.07490657953518483 -0.43688168079011735 0.42129670926915685 -0.1624059018260836 -0.8922630810534725,-135.29321481481256 -106.12037081213171 1065.8583310244235,50.055981159210205
2,6,12,1,-0.5006409111140059 0.8564857236392309 0.12566178146564974 0.7694533628011744 0.5067988529003596 -0.38871126195782346 -0.3966108931848721 -0.09791388002250931 -0.9127500597129727,-218.3379720731345 145.15386545644768 964.8891943439247,50.055981159210205
2,7,5,1,-0.9194090505856063 -0.3847468131350219 0.08158975109484368 -0.3854395685424441 0.8401529484786101 -0.38154863669591693 0.07825175207679749 -0.3822471882763074 -0.9207408703602598,-24.57599918989853 125.54027926592701 982.9317191991759,45.70763540267944
2,7,6,1,0.40909136244371574 -0.9109763211109532 -0.05259657354902744 -0.9018278499305943 -0.3948504052830904 -0.17549839468593698 0.13910710356953754 0.11922793222619071 -0.9830737072638862,-14.20399243490499 -256.2264969630328 1198.3625811365353,45.70763540267944
2,7,9,1,-0.9478739729440284 -0.3054847848658798 0.09063099707467659 -0.3169136397716904 0.8741724591477698 -0.367951432385036 0.0331764425754507 -0.3774937852243234 -0.9254176169573658,-107.15927032876161 201.9767433640457 993.431019368655,45.70763540267944
2,7,8,1,0.017690505257922623 -0.9971303098655729 0.07360836345895289 -0.7208142576339392 -0.06373834039864149 -0.6901914444231104 0.6929024837705173 -0.040848122485774074 -0.7198733075160064,-112.86174365990585 -88.00541043859216 908.4054465177405,45.70763540267944
2,7,10,1,0.09721012671688814 -0.9828826710745253 0.15649870978731323 -0.9165014402789557 -0.14971073266482451 -0.3709606535625599 0.38804033454047887 -0.10737016078207476 -0.915366782958255,232.16444440981584 -62.59617127431414 1155.966067764821,45.70763540267944
2,7,11,1,-0.16751371678739008 -0.9765429644873701 0.13528855531157405 -0.8980579806718684 0.09453474738182625 -0.42959870215006496 0.4067321207375193 -0.19346064211532293 -0.8928280696263344,-153.79424201540405 -87.79516898594122 1088.623060217966,45.70763540267944
2,7,12,1,-0.4763742512311635 0.8667875265536913 0.1474684934990593 0.7807691835415813 0.49415419422397844 -0.3823756194668576 -0.4043105919905646 -0.06701504414520906 -0.912163323677539,-229.9200204936675 165.90697856262108 987.8181085255118,45.70763540267944
2,8,5,1,-0.9572376086362059 -0.27393728264962214 0.0930297037885209 -0.2892279850398969 0.9134785340549935 -0.2861889943560063 -0.006582802002195923 -0.30085766235095635 -0.9536463357673634,-35.52969515449441 170.33472566860354 998.8226831032547,46.493698835372925
2,8,6,1,0.3070866797729527 -0.9515342654209472 -0.016742545679851253 -0.9502968133843593 -0.3056437096658991 -0.05931179657706449 0.05131995301591322 0.03412425048972424 -0.9980990922503428,-76.53788849854847 -231.4939037624443 1169.5726169409659,46.493698835372925
2,8,9,1,-0.9758256737986526 -0.19255191075624342 0.10338286134328349 -0.21410831756790535 0.9371560934962784 -0.2754924404970762 -0.04383928265432625 -0.2909677268820612 -0.9557279420470239,-110.33304092919266 253.4358784796098 1014.2540858801955,46.493698835372925
2,8,8,1,-0.4618926478036415 -0.879004279066772 0.11834973294116913 -0.8606770632968901 0.41198082265190444 -0.2991768615412991 0.21421992115483296 -0.24004849332867065 -0.9468297345515997,-76.38901944109668 9.598191665812095 1007.1070780769319,46.493698835372925
2,8,10,1,-0.01988484098583689 -0.98508275840958 0.17092850020737102 -0.9585019830017432 -0.029847077267095696 -0.2835191361448786 0.2843915288483364 -0.16947303933896174 -0.9436102729710613,190.58309090501925 -62.33121804108434 1160.177318616572,46.493698835372925
2,8,11,1,-0.28360673079261906 -0.9487822005225625 0.1392104817199013 -0.9125879748078193 0.222450131875505 -0.34307306374114155 0.29453422633929294 -0.22433964161541864 -0.9289355815741906,-191.66590270001248 -37.769547819307746 1073.759636446647,46.493698835372925
2,8,12,1,-0.3689501926390135 0.9159447021748675 0.157864048818685 0.8668089880528791 0.4003829291308852 -0.29721320342696156 -0.33543692936583275 0.027181107747218852 -0.9416704592368051,-235.50054886741543 230.97137632557354 1000.1318937418093,46.493698835372925
2,9,1,1,-0.8599467112729864 -0.5075694909583452 0.05352443945583732 -0.499548202309216 0.8155538263682782 -0.2921019511500925 0.10460997725076648 -0.27793014975771657 -0.9548882576067461,-6.95423896538356 -11.63434013521973 1076.9434301519375,48.113826751708984
2,9,5,1,-0.9368589592463645 -0.34654209412214654 0.04694536698392588 -0.3482998276773087 0.9126098122024209 -0.21408073409772016 0.03134518335845605 -0.2169145169722373 -0.9756872305236578,-31.810069305561246 175.718122307005 983.2033479879539,48.113826751708984
2,9,6,1,-0.08382970933864836 -0.5977445674321283 0.7972916730642404 0.09771409511405182 -0.801182902610966 -0.5903879336333946 0.991677636860003 0.028414585501908007 0.12557099936894267,63.96395810352247 -233.82823496138576 1143.121317579083,48.113826751708984
2,9,9,1,-0.9626403157099821 -0.2647675132940025 0.056760782886569376 -0.2707832462736075 0.9410701701423543 -0.20264098402289504 0.00023686982271453605 -0.2104402498866378 -0.977606692448623,-110.12581568760866 252.6976650878449 1009.0537340083893,48.113826751708984
2,9,8,1,-0.3444648080070494 0.09319722259778773 0.93416180276477 -0.9146699740277302 -0.25746839803365945 -0.3115908577383052 0.21147774033400824 -0.9617818368601269 0.1739335034695221,-250.09988526801567 -1.2190814525827705 991.6543309379185,48.113826751708984
2,9,10,1,-0.31068119713081593 -0.17250827154237947 -0.9347288858266998 -0.9502576012999745 0.03352266106296653 0.3096558127451768 -0.022083589404388426 0.9844374675136649 -0.1743421567903193,124.43820455371352 -48.341101820912016 1229.5329317265189,48.113826751708984
2,9,11,1,-0.20629019076412236 -0.9735341149834806 0.09836505557276429 -0.9473187068045943 0.17353463527723845 -0.2692080944126065 0.24501351989752126 -0.14871804639157557 -0.9580455718518301,-170.23492545259055 -46.39133184708811 1052.374087704834,48.113826751708984
2,9,12,1,-0.4415885553738369 0.890220945376861 0.11183119500021324 0.8632592311581235 0.4555286977501147 -0.21743299047377862 -0.2445057209619715 0.0005233912614491104 -0.9696477084376851,-234.56179572640573 223.64170170951041 1000.30724509069,48.113826751708984
2,10,5,1,-0.9341018399003584 -0.35285211518938636 0.05430596192998411 -0.35477153022955593 0.9004565547544161 -0.25162502724964786 0.03988626371752726 -0.2543096101333624 -0.9663000093969123,-28.7276716801847 161.27240621096018 985.3620650858834,47.49276876449585
2,10,6,1,0.37373807361788053 -0.9246285710540483 -0.07336114720302997 -0.9275340555014733 -0.37251135983252304 -0.030263223237367874 0.0006543801539825381 0.0793554811356687 -0.9968461663668777,-32.04043883260127 -247.10731680956877 1144.7462311571949,47.49276876449585
2,10,9,1,-0.9600444493521392 -0.2721892220761085 0.06502063252345636 -0.2798078125474526 0.9297234785836603 -0.23941980161988952 0.004716280903116217 -0.24804693256700533 -0.9687365358747145,-107.77781268956386 238.4092665838896 1007.8680435265096,47.49276876449585
2,10,8,1,-0.3892299471361508 -0.9173642499398894 0.08332395324642754 -0.8962591626563862 0.35628118400874986 -0.2641651590876367 0.21264891630775457 -0.17750084747275674 -0.9608714209193602,-58.226357556378915 -1.98340668534955 990.8977490658073,47.49276876449585
2,10,10,1,0.061590459994964354 -0.9896494215669883 0.12961727365492245 -0.9652558034870745 -0.09210017674276325 -0.24453791378531653 0.2539445787413699 -0.11005262303133957 -0.9609373398363656,221.79179907312962 -59.686561772672874 1125.5826210491869,47.49276876449585
2,10,11,1,-0.20725102908129528 -0.9725888488569701 0.10544165222442874 -0.9375066184418528 0.16665929122984702 -0.3054603428016258 0.27951449215106144 -0.16215921720900825 -0.9463487924394975,-165.68037692248214 -59.68198625386789 1062.70325312467,47.49276876449585
2,10,12,1,-0.4086953647743506 0.9074066398733617 0.09788405756656979 0.8702631233311388 0.4197700652242483 -0.2577502444452018 -0.2749730804676913 -0.02015644451200177 -0.9612406164757827,-232.76541390172588 212.26496423398766 999.2169663179865,47.49276876449585
2,11,1,1,-0.7275685227935024 -0.6854422262796213 0.02851313860165075 -0.5739945686061864 0.5854559459947845 -0.5725133802016769 0.3757316593669988 -0.4329091010041119 -0.8193994327659332,71.57544412007498 6.587805276723511 1096.253853048991,52.209152936935425
2,11,5,1,-0.8405243441141905 -0.5417447658438863 0.005606748805034645 -0.469147294682287 0.7226345826527043 -0.5076416805647892 0.27096059278740386 -0.42931558163559 -0.8615500499223443,1.2545589276921802 146.76784486520103 954.9444820520755,52.209152936935425
2,11,6,1,0.48923334924442036 -0.3837563404550014 -0.7831869515943639 -0.6248937244998679 -0.7806705706527324 -0.00782899721681779 -0.6084065771075875 0.4932388176911087 -0.6217370068243541,152.2660431383598 -187.31082848590177 1207.6695056495196,52.209152936935425
2,11,9,1,-0.8832414536515608 -0.46866261634863 0.015488272619441482 -0.41335864594510735 0.7625705138322197 -0.4976151537645245 0.2214027198882269 -0.44591654316802465 -0.8672596336479487,-88.51161596206349 213.6471696420213 967.5224006662106,52.209152936935425
2,11,8,1,0.9257419946759678 -0.37481290042460785 0.050170200006113094 -0.26870492596387346 -0.7453377813500287 -0.6101387173872563 0.2660816078877112 0.5513500533848799 -0.7907045570732348,-47.96907145640415 -52.71085817791949 1056.50282790467,52.209152936935425
2,11,10,1,0.2703832814895562 -0.9594409017080853 0.07978745026955014 -0.8290254258074256 -0.27416223089284064 -0.4873929775003717 0.48949946318229653 0.06563708769771334 -0.8695297857249094,302.12846243584033 17.467237755162444 1110.049256868777,52.209152936935425
2,11,11,1,0.014228254782532548 -0.997627322447541 0.06735935177830157 -0.8368920591593293 -0.04874702160175563 -0.5451930017902057 0.5471830023693176 -0.04861536167825567 -0.8355999691999703,-82.93460982716901 -60.46957813371243 1107.177702554072,52.209152936935425
2,11,12,1,0.5330968563024184 0.39150930989314003 0.7500188011426617 -0.21481951888689885 0.9200748434682601 -0.32758946369206965 -0.8183277559179326 0.013518235234442372 0.5745928482068555,-313.9361011275216 265.36607513922587 973.9609657216615,52.209152936935425
2,12,1,1,-0.7063902314618068 -0.7074519188283834 0.02290465981788886 -0.5440128137483669 0.5219253107593901 -0.6569962164779175 0.45283871231700107 -0.4765561378628464 -0.7535458500266111,82.40369301999519 -0.7574889720771765 1118.4917035301041,41.132272243499756
2,12,5,1,-0.8224305977326282 -0.568849040502584 -0.004322155994526816 -0.4537827291203048 0.6606140876201398 -0.5980554004353925 0.34305851784393804 -0.48989774071442616 -0.8014431090087559,5.345253977286681 121.86875954936204 964.5607458430289,41.132272243499756
2,12,6,1,-0.10257803526032822 -0.031143569627773718 -0.9942373080673305 0.11353494707866725 -0.9933445432807377 0.019401910375718256 -0.9882244494415101 -0.11089047030842275 0.10543121511583615,58.73906094744014 -141.24656148439217 1099.226437461341,41.132272243499756
2,12,9,1,-0.8673983694706882 -0.4976097017691405 0.0021571612870983914 -0.4046918811992661 0.7028947602988225 -0.584947379886311 0.28955923389004634 -0.5082553891988635 -0.8110683753046479,-85.67986756533016 188.21057404921743 972.4484488530403,41.132272243499756
2,12,8,1,-0.15577803525032208 -0.9874377683611465 0.026454817094585414 -0.7906111469871983 0.10858183001074186 -0.6026143048842311 0.5921716119446592 -0.11478954571509081 -0.7975939707654432,13.060102606461669 -28.58768711795847 1034.1095047399033,41.132272243499756
2,12,10,1,0.3012983505269144 -0.9509958466714449 0.06947088299009047 -0.7649614581007101 -0.2845670324426944 -0.5778023638470116 0.5692567712291146 0.12094835121001318 -0.8132147470068305,312.782881430789 16.32913991049186 1124.4528086128566,41.132272243499756
2,12,11,1,0.04577576645314786 -0.9972312922657678 0.05860314779577125 -0.771637407716028 -0.07255514914632642 -0.631910959982213 0.6344133433487308 -0.0162941725257979 -0.7728222368195575,-70.29226559918497 -69.29224286436789 1140.6617440783643,41.132272243499756
2,12,12,1,-0.6181528174917215 0.7851337008139635 0.03810729685003378 0.6176680405419613 0.5151451457990455 -0.5942320005290312 -0.4861823587092615 -0.3437885259950515 -0.8033904178380827,-202.84179112873505 142.16449300099836 994.7156473243889,41.132272243499756
2,13,1,1,-0.7553298064884808 -0.6534658265343662 -0.04959129945697838 -0.39845608627048307 0.518009426472055 -0.7569009059316169 0.5202976366889279 -0.5519498597135889 -0.6516453956087361,130.6064695176803 5.369428623295793 1106.2947855288267,27.51118302345276
2,13,5,1,-0.8623728335457901 -0.5014453342755095 -0.06975437402434087 -0.314612161031752 0.6387375312454817 -0.7021634811846585 0.39665133819657805 -0.5835811365283751 -0.7085906949679159,65.43983638010747 111.96734247162726 936.2289648852471,27.51118302345276
2,13,6,1,0.4837360337813305 -0.8452597186898964 -0.22701422330282484 -0.7892984713485584 -0.3092456310504631 -0.5304479831265551 0.37816315625446195 0.43577878291224575 -0.8167554588830033,140.13499762678384 -160.4684637062826 1271.6396938467992,27.51118302345276
2,13,9,1,-0.9037834561554259 -0.42333259664425865 -0.0629680633192945 -0.266625974936826 0.6719928514440274 -0.6908952142670495 0.3347925534846023 -0.6076307433191268 -0.7202074880926363,-18.24969989035312 187.85927677550887 933.7317041499364,27.51118302345276
2,13,8,1,-0.3858147322564393 -0.46347124154829744 -0.7977100981130749 -0.830849742637083 0.5504147425602893 0.0820506936727734 0.40104326142423186 0.6944335961270668 -0.5974330782909874,339.4783091799038 -212.01839359229177 976.0550776157414,27.51118302345276
2,13,10,1,0.22675044953700327 -0.9739414785776139 0.004714863817558035 -0.7027902684777729 -0.16696943280546436 -0.6915251600929364 0.6742922750319083 0.15349008050904372 -0.7223369871587779,361.56647863404226 -0.4780312811548555 1112.0829410474746,27.51118302345276
2,13,11,1,-0.02797509910847945 -0.9995665057363733 -0.009175752821885208 -0.6746979754805903 0.02565433899142483 -0.7376479490741547 0.7375635807930488 -0.014444912630079854 -0.6751231804543862,-28.0594399602335 -43.61908638605554 1136.8970180557508,27.51118302345276
2,13,12,1,-0.5552930274881791 0.8312362356847277 -0.026381321189365703 0.6013269448351591 0.3793887700352102 -0.7031856558451574 -0.5745046205542876 -0.40633789099203443 -0.710516684748444,-138.7498225717295 156.60183811848023 960.8646218320711,27.51118302345276
2,14,1,1,-0.7695513946292587 -0.6338473965738962 -0.07764102575737111 -0.3170558686285995 0.48478450084098434 -0.8151438915384951 0.5543159994013588 -0.6026785756942513 -0.5740316256155418,150.8902801286242 26.123844280470543 1098.2802846772324,26.17608118057251
2,14,5,1,-0.873884016029586 -0.47667402741437465 -0.09543897587758668 -0.24013193009310435 0.5939638932557509 -0.7678173934329906 0.42268591492710406 -0.6480654018669962 -0.6335202066431709,89.90074089648328 117.35817748857188 917.7112246630753,26.17608118057251
2,14,6,1,0.4540720036989574 -0.8559312996009527 -0.24738679394874372 -0.7640115162415668 -0.2312130888800342 -0.6023511522200446 0.4583721397588164 0.46251715416185113 -0.758928760555921,154.03091424283596 -122.02354342134994 1279.435844550271,26.17608118057251
2,14,9,1,-0.9128515521783841 -0.3987961036342253 -0.08754262625530043 -0.19826641072891643 0.6204064071500536 -0.7588058515482301 0.35692082323981544 -0.675320337094421 -0.6454068238285757,9.136199564407306 195.5487372872943 907.0600200392722,26.17608118057251
2,14,8,1,-0.25698989455288096 -0.9641012556329303 -0.06682037851364203 -0.5949259573104733 0.21231309728150416 -0.7752330320883852 0.7615899811682898 -0.15947387751522768 -0.6281311829342198,77.53178117577005 -11.479069183670854 1021.5763465472525,26.17608118057251
2,14,10,1,-0.7878364185855127 -0.6007954710066186 -0.13549383590513792 0.02108813917978286 0.19355481881754355 -0.9808627949404759 0.6155234097386444 -0.7756167443592509 -0.13981987674601054,322.7298523547944 -101.89139756256469 1015.1306015230499,26.17608118057251
2,14,11,1,-0.054310268132450365 -0.997881290460639 -0.035823524728750444 -0.5937011851260313 0.0611169687093054 -0.8023612770540038 0.8028507318021996 -0.022307987009047403 -0.5957625837196197,-9.432477131358063 -13.287754881678268 1132.7255917267819,26.17608118057251
2,14,12,1,-0.5325500085038697 0.8447955526646352 -0.05206690542544501 0.560001022359493 0.30555616850140344 -0.7700871917173178 -0.6346568705992643 -0.4392674607671229 -0.6358103133107806,-112.24413720671572 171.59549396953904 936.4782014749885,26.17608118057251
2,15,5,1,-0.8856319640414808 -0.44845902848330144 -0.12058409530216879 -0.15501562294668603 0.5302580481411489 -0.8335445753071576 0.43775127745156833 -0.7195213006946718 -0.5391316322904524,88.2745490512354 139.09372460294747 895.0513248178391,23.851895570755005
2,15,6,1,0.42259310510342707 -0.8669674145089156 -0.2641639068812575 -0.7203258161014111 -0.14439451715830437 -0.6784400799425516 0.5500416222222455 0.47698818181831926 -0.6855191377553029,140.66900665477888 -57.87093921395516 1283.4205508712575,23.851895570755005
2,15,9,1,-0.9225026300065792 -0.3695644123772729 -0.1114048595671891 -0.12023857903687694 0.5493960934602349 -0.8268655371956346 0.3667854710074226 -0.7493904707126142 -0.5512552409392488,10.770138108328553 218.35040496779126 874.3870047691103,23.851895570755005
2,15,8,1,-0.28580101996314466 -0.9538005493382293 -0.0926406448062525 -0.48974861551787585 0.2284734109305988 -0.8413953851169269 0.8236893046448703 -0.1951010317241551 -0.532420432397011,70.25805208470585 24.060246491429442 1013.3759083152177,23.851895570755005
2,15,10,1,0.1684853851521516 -0.9846650179954779 -0.045249058842104395 -0.551909304558097 -0.05620294291911619 -0.8320080220463191 0.8167060637293743 0.16515456864160816 -0.5529151597889819,374.14276537911576 46.52269401405576 1097.5976311362897,23.851895570755005
2,15,11,1,-0.0993246407046489 -0.9929969945661037 -0.06396549485134984 -0.49128434682049416 0.10483966115278988 -0.8646666039685635 0.865317459848149 -0.054457453411391465 -0.49825704154572,-17.508482842311164 38.17317038229274 1124.2824261533158,23.851895570755005
2,15,12,1,-0.5700231022731405 0.8198990864704194 -0.05328368305473474 0.5035058887613197 0.2973358014457693 -0.811217135643273 -0.6492730418380076 -0.48924115646946 -0.5823122941848704,-111.2498850303587 198.89144682803104 910.1586598364938,23.851895570755005
2,16,5,1,-0.8839937048673462 -0.46263415916001505 -0.06726637000172636 -0.19399181964612708 0.4939153003231518 -0.8475935641668566 0.4253496252088249 -0.7362182494919538 -0.5263652585892382,77.74112055175281 81.37296796904761 933.948063428216,31.506502151489258
2,16,6,1,-0.533421444769292 0.15088065707544202 0.8322839597040929 0.0663825430774238 0.9883946694229389 -0.13663577654074896 -0.8432407249622228 -0.017635327521834644 -0.5372467542837114,73.64335417478702 -115.5154890962936 1132.8195530556566,31.506502151489258
2,16,9,1,-0.9207086511107554 -0.38575382493036203 -0.059072551336547485 -0.16366553392705874 0.5190982711701188 -0.8388984312016353 0.35427273783652086 -0.7627129023556568 -0.541072874764598,-3.6114282661893995 156.327582408007 910.43143134772,31.506502151489258
2,16,8,1,-0.8251418778124252 -0.07662265064066728 0.5597051463842214 -0.5593661082704299 -0.02783865848837741 -0.8284531163632382 0.07905971413165011 -0.9966714496273913 -0.01988927095335624,368.13087219991627 92.0233830173267 1160.237814452235,31.506502151489258
2,16,10,1,0.18275909709529553 -0.9831186802909782 0.008762014142718821 -0.5296212412292447 -0.10595580220928712 -0.8415905826570187 0.8283118092045447 0.1491677862043656 -0.540044922475142,364.51976906900944 7.289656055269035 1142.608565003689,31.506502151489258
2,16,11,1,-0.0737650641139719 -0.9972464137391525 -0.007635810412815802 -0.47941754379605006 0.04217373999694543 -0.8765729829028682 0.8744812942635329 -0.06099972081140126 -0.4812083748690448,-27.38544149021038 -20.506898789150696 1161.1627113420807,31.506502151489258
2,16,12,1,-0.5343969550528214 0.8441497727942544 -0.04279083455229843 0.47562171553562305 0.25847486338981224 -0.8408178927131424 -0.6987158779799012 -0.4696827717587982 -0.5396241430586192,-127.71201642433883 130.17566549161955 944.7973338949615,31.506502151489258
2,17,5,1,-0.8996514492074649 -0.42875507555932857 -0.0824400092250285 -0.16302223110710526 0.505034970758579 -0.8475632309602293 0.405032124779961 -0.7490719347919771 -0.5242520523595824,67.7056038450589 63.89488172149899 963.5198996966087,23.248849391937256
2,17,6,1,0.4113038018044198 -0.8840771345015987 -0.22189367470181082 -0.698991326950112 -0.14968121289926206 -0.6992901110079618 0.5850130831611824 0.44272243534346456 -0.6795267012956883,107.68091463314535 -123.21526002926817 1358.225536418187,23.248849391937256
2,17,9,1,-0.9338266229131186 -0.35031567494572274 -0.07243456513297372 -0.13157009073599735 0.5246360755702918 -0.8410982697841701 0.33265169406212514 -0.7759097345036509 -0.5360101998470481,-10.528616214247442 141.2378195449842 937.6435721263067,23.248849391937256
2,17,8,1,-0.3100669985800787 -0.9491947092389255 -0.05373881599340685 -0.4768268552687273 0.20416536670472663 -0.8549576908437404 0.822492921845579 -0.23947005447687242 -0.5159064707122466,46.74583328930825 -48.637276876910256 1083.6587582093475,23.248849391937256
2,17,10,1,0.14401167777600868 -0.9895511333994197 -0.007013633299700783 -0.531187719067285 -0.07132122214338152 -0.84424693685205 0.8349252923323343 0.12530697370816224 -0.5359084983127883,346.75268809894806 -18.51701835427224 1179.512491249813,23.248849391937256
2,17,11,1,-0.11076723484228956 -0.9936111377881935 -0.02162236223553249 -0.4715909202663536 0.07169874159886841 -0.8788977724260497 0.8748329118224386 -0.08715616625569422 -0.4765198622050113,-45.01561533800964 -33.89174789809344 1188.3853823427366,23.248849391937256
2,17,12,1,-0.5010392861061165 0.8636040171553081 -0.05610468190344803 0.4894598771984981 0.2293131969794148 -0.8413349429947093 -0.7137146925705706 -0.4490028499289219 -0.5375944366942441,-136.39676884493912 118.86425489248904 969.3282204569285,23.248849391937256
2,18,5,1,-0.9838636272143144 -0.167859482772297 -0.06193187457287187 -0.011127844972708925 0.4028809533708216 -0.9151847400810843 0.17857360978307063 -0.8997278096482487 -0.3982478304204667,208.71275719993113 102.59143139473281 982.2567402224569,15.329218626022339
2,18,9,1,-0.7326434167059142 -0.677644628354148 -0.06349316199601512 -0.22163838351748794 0.3257448167534547 -0.919111930784283 0.6435138311716684 -0.6593087835157563 -0.38884685554821535,155.27084309126698 171.30493488682907 935.8782445839054,15.329218626022339
2,18,8,1,-0.3688042379722263 -0.9288892369537403 -0.03388538807839275 -0.28498862241717454 0.14770037056692467 -0.9470829349255291 0.8847400291308662 -0.33963125004317696 -0.31919538663273705,168.17204594641095 22.857393859579684 1119.592950070955,15.329218626022339
2,18,10,1,0.08328691875525446 -0.9963609344852421 0.018115667140661484 -0.33390208113465814 -0.04503001520982902 -0.9415315703385349 0.9389210240367399 0.07236840444488302 -0.33643740080422396,461.2968181803801 74.00770230690347 1225.961686738728,15.329218626022339
2,18,11,1,-0.17111309846019904 -0.9852510060544436 -0.0008732720408621275 -0.26669386858675026 0.04717117615911923 -0.9626262309941481 0.9484696558106558 -0.1644850607455658 -0.27083200844424593,67.73942270265266 61.25728862371002 1211.4775883637499,15.329218626022339
2,18,12,1,-0.40115971653061283 0.9138984664128408 -0.06213272021517041 0.33830235106320783 0.08478166678671645 -0.9372105357079448 -0.8512475557076127 -0.3969907581608474 -0.34318498923567603,-41.324822137651594 161.39200027915666 965.7053023612805,15.329218626022339
2,19,5,1,-0.9825001548116069 -0.1773457609612863 -0.056937921144273 -0.018355758305378958 0.3963884812681401 -0.9178993616159521 0.18535509686060336 -0.9007911261702128 -0.39270706013617407,189.34357589679388 140.78276978043579 954.6329822163895,14.825178861618042
2,19,9,1,-0.7264203693167081 -0.6846398648338842 -0.05984732677420007 -0.22389886731712338 0.31809214678111514 -0.9212419244532297 0.6497559112896829 -0.655809150314649 -0.38435870499793734,135.07924029757845 208.86181999022187 908.33621681832,14.825178861618042
2,19,8,1,-0.3607288813802152 -0.9322724093274508 -0.027254888460022997 -0.2831007695037069 0.13729175234240482 -0.9492127943960514 0.8886667701926225 -0.3346925896185057 -0.3134521367128814,150.2419513603847 61.59396933173181 1092.6886847061232,14.825178861618042
2,19,10,1,0.09298479499844683 -0.9954012969518767 0.02302359497599732 -0.3283973075068848 -0.052490437127846595 -0.9430800403106602 0.9399516138192039 0.08013121761616715 -0.33176791834356906,443.88852623272066 115.74771506894606 1196.8282278464653,14.825178861618042
2,19,11,1,-0.16297972243307873 -0.9866289517043052 -0.0009600700498226256 -0.2679663818017628 0.04520141689238533 -0.9623673155999184 0.9495428522714016 -0.15658909147761452 -0.2717503047477717,51.57873604007398 99.45075544449959 1186.588080864208,14.825178861618042
2,19,12,1,-0.40985431842761644 0.9104302775465121 -0.05600131599181102 0.32926039363620285 0.09041122404096888 -0.939900741434938 -0.8506509453640585 -0.40366139311803695 -0.3368240621707998,-61.046787356520134 197.63899955077102 939.5086959294317,14.825178861618042
2,20,5,1,-0.9792718055432201 -0.19368475678126448 -0.059270109319149125 -0.0243041485074168 0.4028647906040492 -0.9149367567525555 0.20108714338179579 -0.8945312602039897 -0.3992214739770534,196.3201411988368 134.62091054200448 930.329450717712,34.48574376106262
