Epsilon: 0.5, Iterations 200, Offset: 0.4160084984970736, Offset with Refinement: 0.025202763654550684, Std: 0.2634542602323336, Std with Refinement: 0.01614507067699169, Inlier: 399.99900556881465, FPS: 251.47215069129845, FPS with Refinement: 165.26946003506217
Epsilon: 0.55, Iterations 200, Offset: 0.44381241047826747, Offset with Refinement: 0.025214118959643546, Std: 0.2882153617893967, Std with Refinement: 0.0160662381386612, Inlier: 399.9992376027579, FPS: 251.12905557053494, FPS with Refinement: 165.63511644482722
Epsilon: 0.6000000000000001, Iterations 200, Offset: 0.4713220084096366, Offset with Refinement: 0.025253042980615644, Std: 0.3122123789235847, Std with Refinement: 0.016222937767124176, Inlier: 399.9991878811986, FPS: 251.90503632934434, FPS with Refinement: 165.90641065059327
