Epsilon: 0.85, Iterations [5, 10, 15, 20, 30, 40, 50, 60, 100, 200, 400], Offset: 0.6457731369481596, Offset with Refinement: 2724661551.08417, Std: 4.371080450741825, Std with Refinement: 840743342264.1722, Inlier: 397.93669616812514, FPS: 397.637278828734, FPS with Refinement: 530.9726377030087
Epsilon: 0.85, Iterations 5, Offset: 0.6290744369464175, Offset with Refinement: 0.03450742090660933, Std: 0.7532499399199927, Std with Refinement: 0.42935362404804095, Inlier: 398.0467299787855, FPS: 392.5393991750681, FPS with Refinement: 541.0086168976204
Epsilon: 0.86, Iterations 10, Offset: 0.5914778129169302, Offset with Refinement: 0.02538787588594096, Std: 0.428445829785593, Std with Refinement: 0.02920808883668664, Inlier: 399.9291716388226, FPS: 531.8859259236808, FPS with Refinement: 501.24291291796595
