Epsilon: 0.7
Iterations: 5000, Mean: 11.632418338337148, Std: 24.44450886840269, FPS: 15.050271151535808